0 1000
addstr 5 _init
adduser root 0
addgrp root 0 1 0
addLP 0 0 2 1
adduser defaultUser 65534
addgrp defaultGrp 65534 1 65534
addLP 65534 65534 3 1
addLP 1000 1000 3 1
addLP 0 0 3 1
addstr 4 Idle
CrLO 1 0 3 384 18446744073709531616
prS 0 2 1 1 0 18446744073709531616
addstr 6 System
CrLO 2 0 3 384 18446744073709531616
cln 4 0 0 1 18446744073709531616
exve 2 2 1 18446744073709531616
suid 2 2 18446744073709531616
addstr 8 Registry
CrLO 3 0 3 384 18446744073709531616
cln 72 0 0 2 18446744073709531616
exve 3 3 2 18446744073709531616
suid 2 3 18446744073709531616
addstr 8 smss.exe
CrLO 4 0 3 384 18446744073709531616
cln 328 0 0 2 18446744073709531616
addstr 29 \SystemRoot\System32\smss.exe
exve 5 4 3 18446744073709531616
suid 2 4 18446744073709531616
addstr 9 csrss.exe
CrLO 6 0 3 384 18446744073709531616
addstr 244 %SystemRoot%\system32\csrss.exe ObjectDirectory=\Windows SharedSection=1024,20480,768 Windows=On SubSystemType=Windows ServerDll=basesrv,1 ServerDll=winsrv:UserServerDllInitialization,3 ServerDll=sxssrv,4 ProfileControl=Off MaxRequestThreads=16
prS 432 2 7 1 0 18446744073709531616
addstr 7 nullCmd
CrLO 8 0 3 384 18446744073709531616
prS 65535 2 8 1 0 18446744073709531616
addstr 83 C:\Windows\System32\LogFiles\WMI\RtBackup\EtwRTMonitorKernelAndClrEventsSession.etl
CrLO 9 0 3 384 18446744073709531616
wrt 646528 2 6 18446744073709531616
read 316768 2 6 18446744073709531616
addstr 11 wininit.exe
CrLO 10 0 3 384 18446744073709531616
prS 500 2 10 1 0 18446744073709531616
inj 6 7 18446744073709531616
CrLO 6 0 3 384 18446744073709531616
prS 508 2 7 1 0 18446744073709531616
inj 6 8 18446744073709531616
inj 6 8 18446744073709531616
inj 6 8 18446744073709531616
inj 6 8 18446744073709531616
inj 6 8 18446744073709531616
inj 6 8 18446744073709531616
inj 6 8 18446744073709531616
inj 6 8 18446744073709531616
inj 6 8 18446744073709531616
inj 6 8 18446744073709531616
inj 6 8 18446744073709531616
inj 6 8 18446744073709531616
inj 6 8 18446744073709531616
addstr 12 winlogon.exe
CrLO 11 0 3 384 18446744073709531616
prS 568 2 11 1 0 18446744073709531616
inj 6 9 18446744073709531616
inj 6 9 18446744073709531616
inj 6 9 18446744073709531616
inj 6 9 18446744073709531616
addstr 12 services.exe
CrLO 12 0 3 384 18446744073709531616
cln 592 0 0 7 18446744073709531616
addstr 32 C:\Windows\system32\services.exe
exve 13 10 10 18446744073709531616
suid 2 10 18446744073709531616
inj 6 10 18446744073709531616
inj 6 10 18446744073709531616
inj 6 10 18446744073709531616
inj 6 10 18446744073709531616
inj 6 10 18446744073709531616
inj 6 10 18446744073709531616
inj 6 10 18446744073709531616
inj 6 10 18446744073709531616
inj 6 10 18446744073709531616
addstr 9 lsass.exe
CrLO 14 0 3 384 18446744073709531616
cln 600 0 0 7 18446744073709531616
addstr 29 C:\Windows\system32\lsass.exe
exve 15 11 11 18446744073709531616
suid 2 11 18446744073709531616
inj 6 11 18446744073709531616
inj 6 11 18446744073709531616
inj 6 11 18446744073709531616
inj 6 11 18446744073709531616
inj 6 11 18446744073709531616
inj 6 11 18446744073709531616
inj 6 11 18446744073709531616
inj 6 11 18446744073709531616
inj 6 11 18446744073709531616
wrt 646536 2 6 18446744073709531616
wrt 646536 2 6 18446744073709531616
addstr 15 fontdrvhost.exe
CrLO 16 0 3 384 18446744073709531616
cln 700 0 0 9 18446744073709531616
addstr 27 &quot;fontdrvhost.exe&quot;
exve 17 12 12 18446744073709531616
suid 2 12 18446744073709531616
inj 6 12 18446744073709531616
inj 6 12 18446744073709531616
inj 6 12 18446744073709531616
inj 6 12 18446744073709531616
inj 6 12 18446744073709531616
CrLO 16 0 3 384 18446744073709531616
cln 708 0 0 7 18446744073709531616
exve 17 13 13 18446744073709531616
suid 2 13 18446744073709531616
inj 6 13 18446744073709531616
inj 6 13 18446744073709531616
inj 6 13 18446744073709531616
inj 6 13 18446744073709531616
inj 6 13 18446744073709531616
addstr 11 svchost.exe
CrLO 18 0 3 384 18446744073709531616
cln 752 0 0 10 18446744073709531616
addstr 48 C:\Windows\system32\svchost.exe -k DcomLaunch -p
exve 19 14 14 18446744073709531616
suid 2 14 18446744073709531616
inj 6 14 18446744073709531616
inj 6 14 18446744073709531616
inj 6 14 18446744073709531616
inj 6 14 18446744073709531616
inj 6 14 18446744073709531616
inj 6 14 18446744073709531616
inj 6 14 18446744073709531616
inj 6 14 18446744073709531616
inj 6 14 18446744073709531616
inj 6 14 18446744073709531616
inj 6 14 18446744073709531616
inj 6 14 18446744073709531616
inj 6 14 18446744073709531616
inj 6 14 18446744073709531616
inj 6 14 18446744073709531616
CrLO 18 0 3 384 18446744073709531616
cln 812 0 0 10 18446744073709531616
addstr 43 C:\Windows\system32\svchost.exe -k RPCSS -p
exve 20 15 15 18446744073709531616
suid 2 15 18446744073709531616
inj 6 15 18446744073709531616
inj 6 15 18446744073709531616
inj 6 15 18446744073709531616
inj 6 15 18446744073709531616
inj 6 15 18446744073709531616
inj 6 15 18446744073709531616
inj 6 15 18446744073709531616
inj 6 15 18446744073709531616
inj 6 15 18446744073709531616
inj 6 15 18446744073709531616
inj 6 15 18446744073709531616
inj 6 15 18446744073709531616
wrt 646512 2 6 18446744073709531616
CrLO 18 0 3 384 18446744073709531616
cln 868 0 0 10 18446744073709531616
addstr 55 C:\Windows\system32\svchost.exe -k DcomLaunch -p -s LSM
exve 21 16 16 18446744073709531616
suid 2 16 18446744073709531616
inj 6 16 18446744073709531616
inj 6 16 18446744073709531616
inj 6 16 18446744073709531616
inj 6 16 18446744073709531616
inj 6 16 18446744073709531616
inj 6 16 18446744073709531616
addstr 7 dwm.exe
CrLO 22 0 3 384 18446744073709531616
cln 932 0 0 9 18446744073709531616
addstr 19 &quot;dwm.exe&quot;
exve 23 17 17 18446744073709531616
suid 2 17 18446744073709531616
inj 6 17 18446744073709531616
inj 6 17 18446744073709531616
inj 6 17 18446744073709531616
inj 6 17 18446744073709531616
inj 6 17 18446744073709531616
inj 6 17 18446744073709531616
inj 6 17 18446744073709531616
inj 6 17 18446744073709531616
inj 6 17 18446744073709531616
inj 6 17 18446744073709531616
inj 6 17 18446744073709531616
inj 6 17 18446744073709531616
inj 6 17 18446744073709531616
inj 6 17 18446744073709531616
inj 6 17 18446744073709531616
inj 6 17 18446744073709531616
wrt 646512 2 6 18446744073709531616
wrt 646512 2 6 18446744073709531616
read 316768 2 6 18446744073709531616
CrLO 18 0 3 384 18446744073709531616
cln 312 0 0 10 18446744073709531616
addstr 64 C:\Windows\System32\svchost.exe -k NetworkService -s TermService
exve 24 18 18 18446744073709531616
suid 2 18 18446744073709531616
inj 6 18 18446744073709531616
inj 6 18 18446744073709531616
inj 6 18 18446744073709531616
inj 6 18 18446744073709531616
inj 6 18 18446744073709531616
inj 6 18 18446744073709531616
inj 6 18 18446744073709531616
inj 6 18 18446744073709531616
inj 6 18 18446744073709531616
inj 6 18 18446744073709531616
inj 6 18 18446744073709531616
inj 6 18 18446744073709531616
inj 6 18 18446744073709531616
inj 6 18 18446744073709531616
inj 6 18 18446744073709531616
inj 6 18 184467440737095316160 1000
addstr 5 _init
adduser root 0
addgrp root 0 1 0
addLP 0 0 2 1
adduser defaultUser 65534
addgrp defaultGrp 65534 1 65534
addLP 65534 65534 3 1
addLP 1000 1000 3 1
addLP 0 0 3 1
addstr 4 Idle
CrLO 1 0 3 384 18446744073709531616
prS 0 2 1 1 0 18446744073709531616
addstr 6 System
CrLO 2 0 3 384 18446744073709531616
cln 4 0 0 1 18446744073709531616
exve 2 2 1 18446744073709531616
suid 2 2 18446744073709531616
addstr 8 Registry
CrLO 3 0 3 384 18446744073709531616
cln 72 0 0 2 18446744073709531616
exve 3 3 2 18446744073709531616
suid 2 3 18446744073709531616
addstr 8 smss.exe
CrLO 4 0 3 384 18446744073709531616
cln 328 0 0 2 18446744073709531616
addstr 29 \SystemRoot\System32\smss.exe
exve 5 4 3 18446744073709531616
suid 2 4 18446744073709531616
addstr 9 csrss.exe
CrLO 6 0 3 384 18446744073709531616
addstr 244 %SystemRoot%\system32\csrss.exe ObjectDirectory=\Windows SharedSection=1024,20480,768 Windows=On SubSystemType=Windows ServerDll=basesrv,1 ServerDll=winsrv:UserServerDllInitialization,3 ServerDll=sxssrv,4 ProfileControl=Off MaxRequestThreads=16
prS 432 2 7 1 0 18446744073709531616
addstr 7 nullCmd
CrLO 8 0 3 384 18446744073709531616
prS 65535 2 8 1 0 18446744073709531616
addstr 83 C:\Windows\System32\LogFiles\WMI\RtBackup\EtwRTMonitorKernelAndClrEventsSession.etl
CrLO 9 0 3 384 18446744073709531616
wrt 646528 2 6 18446744073709531616
read 316768 2 6 18446744073709531616
addstr 11 wininit.exe
CrLO 10 0 3 384 18446744073709531616
prS 500 2 10 1 0 18446744073709531616
inj 6 7 18446744073709531616
CrLO 6 0 3 384 18446744073709531616
prS 508 2 7 1 0 18446744073709531616
inj 6 8 18446744073709531616
inj 6 8 18446744073709531616
inj 6 8 18446744073709531616
inj 6 8 18446744073709531616
inj 6 8 18446744073709531616
inj 6 8 18446744073709531616
inj 6 8 18446744073709531616
inj 6 8 18446744073709531616
inj 6 8 18446744073709531616
inj 6 8 18446744073709531616
inj 6 8 18446744073709531616
inj 6 8 18446744073709531616
inj 6 8 18446744073709531616
addstr 12 winlogon.exe
CrLO 11 0 3 384 18446744073709531616
prS 568 2 11 1 0 18446744073709531616
inj 6 9 18446744073709531616
inj 6 9 18446744073709531616
inj 6 9 18446744073709531616
inj 6 9 18446744073709531616
addstr 12 services.exe
CrLO 12 0 3 384 18446744073709531616
cln 592 0 0 7 18446744073709531616
addstr 32 C:\Windows\system32\services.exe
exve 13 10 10 18446744073709531616
suid 2 10 18446744073709531616
inj 6 10 18446744073709531616
inj 6 10 18446744073709531616
inj 6 10 18446744073709531616
inj 6 10 18446744073709531616
inj 6 10 18446744073709531616
inj 6 10 18446744073709531616
inj 6 10 18446744073709531616
inj 6 10 18446744073709531616
inj 6 10 18446744073709531616
addstr 9 lsass.exe
CrLO 14 0 3 384 18446744073709531616
cln 600 0 0 7 18446744073709531616
addstr 29 C:\Windows\system32\lsass.exe
exve 15 11 11 18446744073709531616
suid 2 11 18446744073709531616
inj 6 11 18446744073709531616
inj 6 11 18446744073709531616
inj 6 11 18446744073709531616
inj 6 11 18446744073709531616
inj 6 11 18446744073709531616
inj 6 11 18446744073709531616
inj 6 11 18446744073709531616
inj 6 11 18446744073709531616
inj 6 11 18446744073709531616
wrt 646536 2 6 18446744073709531616
wrt 646536 2 6 18446744073709531616
addstr 15 fontdrvhost.exe
CrLO 16 0 3 384 18446744073709531616
cln 700 0 0 9 18446744073709531616
addstr 27 &quot;fontdrvhost.exe&quot;
exve 17 12 12 18446744073709531616
suid 2 12 18446744073709531616
inj 6 12 18446744073709531616
inj 6 12 18446744073709531616
inj 6 12 18446744073709531616
inj 6 12 18446744073709531616
inj 6 12 18446744073709531616
CrLO 16 0 3 384 18446744073709531616
cln 708 0 0 7 18446744073709531616
exve 17 13 13 18446744073709531616
suid 2 13 18446744073709531616
inj 6 13 18446744073709531616
inj 6 13 18446744073709531616
inj 6 13 18446744073709531616
inj 6 13 18446744073709531616
inj 6 13 18446744073709531616
addstr 11 svchost.exe
CrLO 18 0 3 384 18446744073709531616
cln 752 0 0 10 18446744073709531616
addstr 48 C:\Windows\system32\svchost.exe -k DcomLaunch -p
exve 19 14 14 18446744073709531616
suid 2 14 18446744073709531616
inj 6 14 18446744073709531616
inj 6 14 18446744073709531616
inj 6 14 18446744073709531616
inj 6 14 18446744073709531616
inj 6 14 18446744073709531616
inj 6 14 18446744073709531616
inj 6 14 18446744073709531616
inj 6 14 18446744073709531616
inj 6 14 18446744073709531616
inj 6 14 18446744073709531616
inj 6 14 18446744073709531616
inj 6 14 18446744073709531616
inj 6 14 18446744073709531616
inj 6 14 18446744073709531616
inj 6 14 18446744073709531616
CrLO 18 0 3 384 18446744073709531616
cln 812 0 0 10 18446744073709531616
addstr 43 C:\Windows\system32\svchost.exe -k RPCSS -p
exve 20 15 15 18446744073709531616
suid 2 15 18446744073709531616
inj 6 15 18446744073709531616
inj 6 15 18446744073709531616
inj 6 15 18446744073709531616
inj 6 15 18446744073709531616
inj 6 15 18446744073709531616
inj 6 15 18446744073709531616
inj 6 15 18446744073709531616
inj 6 15 18446744073709531616
inj 6 15 18446744073709531616
inj 6 15 18446744073709531616
inj 6 15 18446744073709531616
inj 6 15 18446744073709531616
wrt 646512 2 6 18446744073709531616
CrLO 18 0 3 384 18446744073709531616
cln 868 0 0 10 18446744073709531616
addstr 55 C:\Windows\system32\svchost.exe -k DcomLaunch -p -s LSM
exve 21 16 16 18446744073709531616
suid 2 16 18446744073709531616
inj 6 16 18446744073709531616
inj 6 16 18446744073709531616
inj 6 16 18446744073709531616
inj 6 16 18446744073709531616
inj 6 16 18446744073709531616
inj 6 16 18446744073709531616
addstr 7 dwm.exe
CrLO 22 0 3 384 18446744073709531616
cln 932 0 0 9 18446744073709531616
addstr 19 &quot;dwm.exe&quot;
exve 23 17 17 18446744073709531616
suid 2 17 18446744073709531616
inj 6 17 18446744073709531616
inj 6 17 18446744073709531616
inj 6 17 18446744073709531616
inj 6 17 18446744073709531616
inj 6 17 18446744073709531616
inj 6 17 18446744073709531616
inj 6 17 18446744073709531616
inj 6 17 18446744073709531616
inj 6 17 18446744073709531616
inj 6 17 18446744073709531616
inj 6 17 18446744073709531616
inj 6 17 18446744073709531616
inj 6 17 18446744073709531616
